OBJECTID *	arcid	grid_code	from_node	to_node	Shape_Length	local	downarc	SELEV	EELEV	MAXGRID	uparc	dz	slope	meanmsq	segorder	chanclass	hyddepth	hydwidth	effwidth	effdepth	MIN_SOILDEPTH	segdepth
1	1	2	1	2	123.63961	130	-1	0.4	0.7	924617	2	0.3	0.002426	832213800	66	12	4.5	0.05	0.35	1.868101	1.966422	1.966422
2	2	3	3	1	614.558441	557	1	0.7	0.4	922050	5	0.3	0.000488	830095200	65	6	4.5	0.03	0.21	1.359857	1.431428	1.431428
3	3	1	4	1	1757.314934	1980	1	20.8	0.4	1103	-1	20.4	0.011609	891000	1	7	0.5	0.05	0.1	1.662219	1.756651	1.749704
4	4	4	5	3	793.050865	1292	2	14.6	0.7	0	-1	13.9	0.017527	581400	1	7	0.5	0.05	0.1	1.417943	1.573801	1.492572
5	5	5	6	3	2283.380951	3553	2	10.1	0.7	917201	7	9.4	0.004117	827079300	64	12	4.5	0.05	0.35	1.196116	1.325151	1.25907
6	6	7	7	6	2212.64502	1836	5	106.3	10.1	1155	-1	96.2	0.043477	826200	1	7	0.5	0.05	0.1	0.92776	0.97659	0.97659
7	7	6	8	6	1970.954544	3860	5	22.3	10.1	911520	8	12.2	0.00619	822105000	63	12	4.5	0.05	0.35	0.965063	1.015856	1.015856
8	8	8	10	8	1957.64502	3640	7	61.6	22.3	905622	11	39.3	0.020075	816697800	62	12	4.5	0.05	0.35	0.849184	1.079288	0.893878
9	9	9	11	8	2587.203461	2251	7	290	22.3	1049	-1	267.7	0.103471	1012500	1	14	1	0.1	0.3	0.701395	0.82641	0.73831
10	10	11	13	10	523.050865	1653	8	61.6	61.6	8	-1	0	0.00001	743400	1	1	0.5	0.03	0.06	0.920265	1.547324	0.9687
11	11	12	15	10	704.558441	215	8	61.6	61.6	903771	24	0	0.00001	813490200	61	6	4.5	0.03	0.21	0.851747	0.916999	0.896576
12	12	16	16	15	75	1370	11	61.6	61.6	1003	-1	0	0.00001	616500	1	1	0.5	0.03	0.06	1.096766	1.15449	1.15449
13	13	13	12	18	1767.609307	3558	17	193	161.6	1143	-1	31.4	0.017764	1601100	1	8	1	0.05	0.15	1.126231	1.217122	1.185506
14	14	14	14	18	570.624458	1218	17	268	161.6	963	-1	106.4	0.186462	548100	1	13	0.5	0.1	0.2	0.798778	0.996935	0.84082
15	15	10	9	19	1879.446968	2642	16	284.5	166.4	31	-1	118.1	0.062838	1188900	1	8	1	0.05	0.15	0.955915	1.006226	1.006226
16	16	19	19	20	2061.837662	1425	18	166.4	161.6	4476	28	4.8	0.002328	4669200	2	8	1	0.05	0.15	1.302362	1.448607	1.370907
17	17	18	18	20	296.984848	510	18	161.6	161.6	4775	13	0	0.00001	4527000	2	2	1	0.03	0.09	1.455761	1.550134	1.53238
18	18	21	20	21	157.279221	242	19	161.6	161.6	11187	16	0	0.00001	10177200	3	3	2	0.03	0.12	1.147033	1.272201	1.207403
19	19	23	21	22	84.852814	316	22	161.6	161.6	12615	18	0	0.00001	11495700	4	3	2	0.03	0.12	1.336486	1.406827	1.406827
20	20	24	23	22	842.132034	335	22	161.6	161.6	5080	29	0	0.00001	4722300	2	2	1	0.03	0.09	1.088063	1.145329	1.145329
21	21	22	24	21	1913.345238	1186	19	277.3	161.6	12	-1	115.7	0.06047	533700	1	7	0.5	0.05	0.1	0.712439	0.749936	0.749936
22	22	25	22	26	1234.264069	1013	25	161.6	161.6	18347	19	0	0.00001	16967700	5	3	2	0.03	0.12	1.054981	1.303763	1.110506
23	23	17	17	28	1794.411255	2392	33	285.3	121.9	120	-1	163.4	0.091061	1076400	1	8	1	0.05	0.15	0.828078	0.889074	0.871661
24	24	15	30	15	1599.777054	3799	11	61.6	61.6	898584	45	0	0.00001	810434700	60	6	4.5	0.03	0.21	1.02702	1.081074	1.081074
25	25	31	26	27	1311.837662	1878	26	161.6	137.6	22588	22	24	0.018295	21174300	6	10	3	0.05	0.25	1.175107	1.236955	1.236955
26	26	28	27	29	2123.086579	3053	27	137.6	124.7	31234	25	12.9	0.006076	29484000	7	10	3	0.05	0.25	1.217385	1.281458	1.281458
27	27	32	29	28	529.705627	1029	33	124.7	121.9	35736	26	2.8	0.005286	32625000	8	11	4	0.05	0.3	1.580417	1.667892	1.663597
28	28	20	31	19	1424.116882	1835	16	403.1	166.4	1031	-1	236.7	0.166208	825300	1	13	0.5	0.1	0.2	0.700805	0.743438	0.737689
29	29	26	32	23	987.426407	2301	20	306.1	161.6	764	-1	144.5	0.14634	1035000	1	14	1	0.1	0.3	0.710788	0.752729	0.748198
30	30	34	33	27	252.426407	80	26	152.1	137.6	6685	32	14.5	0.057442	6052500	4	8	1	0.05	0.15	1.217385	1.281458	1.281458
31	31	27	35	23	779.558441	2780	20	273.2	161.6	166	-1	111.6	0.143158	1251000	1	14	1	0.1	0.3	0.805743	0.925872	0.84815
32	32	39	36	33	192.426407	84	30	160.9	152.1	5309	35	8.8	0.045732	4815900	3	8	1	0.05	0.15	1.277395	1.344626	1.344626
33	33	33	28	37	1828.233765	2697	36	121.9	116.4	39157	27	5.5	0.003008	36454500	9	11	4	0.05	0.3	1.500641	1.579622	1.579622
34	34	29	25	37	1342.46212	2820	36	141.9	116.4	1414	-1	25.5	0.018995	1269000	1	8	1	0.05	0.15	1.190788	1.253461	1.253461
35	35	41	38	36	302.132034	100	32	183.8	160.9	3872	46	22.9	0.075795	3529800	2	8	1	0.05	0.15	0.949098	0.99905	0.99905
36	36	42	37	39	42.426407	17	47	116.4	116.4	44674	33	0	0.00001	40213800	10	6	4.5	0.03	0.21	1.82254	1.918463	1.918463
37	37	38	40	33	680.330086	1293	30	393.8	152.1	375	-1	241.7	0.355269	581400	1	13	0.5	0.1	0.2	0.700166	0.737376	0.737017
38	38	36	34	30	1655.954544	2660	24	109.2	61.6	1284	-1	47.6	0.028745	1197000	1	8	1	0.05	0.15	1.17535	1.250381	1.237211
39	39	43	41	38	178.492424	1146	35	217.6	183.8	15	-1	33.8	0.189364	515700	1	13	0.5	0.1	0.2	0.818722	0.861813	0.861812
40	40	44	42	39	662.132034	273	47	129.1	116.4	3253	44	12.7	0.01918	3050100	2	8	1	0.05	0.15	1.262497	1.328944	1.328944
41	41	30	43	26	1734.411255	3228	25	412.8	161.6	937	-1	251.2	0.144833	1452600	1	14	1	0.1	0.3	0.687403	0.775726	0.723582
42	42	35	44	29	907.903679	1451	27	261.7	124.7	275	-1	137	0.150897	652500	1	13	0.5	0.1	0.2	0.841881	0.886191	0.886191
43	43	40	46	36	679.264069	1336	32	432.2	160.9	1110	-1	271.3	0.399403	601200	1	13	0.5	0.1	0.2	0.676989	0.742315	0.71262
44	44	48	47	42	339.852814	1385	40	168.3	129.1	1018	-1	39.2	0.115344	622800	1	13	0.5	0.1	0.2	1.060292	1.116097	1.116097
45	45	37	48	30	1032.426407	168	24	61.6	61.6	895749	50	0	0.00001	806249700	59	6	4.5	0.03	0.21	1.46745	1.544684	1.544684
46	46	46	50	38	659.558441	2727	35	370.1	183.8	4	-1	186.3	0.282462	1226700	1	14	1	0.1	0.3	0.723205	0.761269	0.761269
47	47	45	39	51	1728.82251	2628	48	116.4	100.8	48218	36	15.6	0.009023	44578800	11	12	4.5	0.05	0.35	1.179358	1.24143	1.24143
48	48	50	51	48	2240.954544	1913	45	100.8	61.6	53289	47	39.2	0.017493	48820500	12	12	4.5	0.05	0.35	1.017215	1.070753	1.070753
49	49	52	49	52	491.984848	1859	51	136.1	97	1630	-1	39.1	0.079474	836100	1	7	0.5	0.05	0.1	0.817889	0.860936	0.860936
50	50	51	53	48	324.852814	93	45	64.9	61.6	840453	59	3.3	0.010158	756449100	58	12	4.5	0.05	0.35	1.289697	1.357576	1.357576
51	51	53	52	53	1506.396103	1610	50	97	64.9	64607	53	32.1	0.021309	58870800	14	12	4.5	0.05	0.35	0.861634	0.906983	0.906983
52	52	47	54	42	1338.380951	1869	40	492.8	129.1	109	-1	363.7	0.271746	840600	1	13	0.5	0.1	0.2	0.597992	0.629465	0.629465
53	53	56	55	52	1386.396103	2799	51	137.1	97	59961	56	40.1	0.028924	55224000	13	12	4.5	0.05	0.35	0.919349	0.967736	0.967736
54	54	49	45	55	922.46212	1421	53	299.2	137.1	636	-1	162.1	0.175725	639000	1	13	0.5	0.1	0.2	0.746595	0.86122	0.785889
55	55	60	57	56	42.426407	18	57	216.1	215.1	40575	69	1	0.02357	36525600	10	11	4	0.05	0.3	1.388812	1.461907	1.461907
56	56	59	58	55	609.411255	601	53	150.3	137.1	57930	57	13.2	0.02166	52407000	12	12	4.5	0.05	0.35	0.841858	0.886166	0.886166
57	57	57	56	58	1373.969696	2486	56	215.1	150.3	54255	55	64.8	0.047163	49948200	11	12	4.5	0.05	0.35	0.77703	0.817927	0.817927
58	58	63	59	58	262.279221	1186	56	258.3	150.3	1111	-1	108	0.411775	533700	1	13	0.5	0.1	0.2	0.724912	0.767392	0.763066
59	59	55	60	53	1515.807358	2647	50	70	64.9	771592	65	5.1	0.003365	695623500	57	12	4.5	0.05	0.35	1.167228	1.228661	1.228661
60	60	54	61	51	2307.792206	2443	48	417.3	100.8	1112	-1	316.5	0.137144	1098900	1	14	1	0.1	0.3	0.691681	0.728086	0.728086
61	61	61	62	57	1256.543289	1567	55	422.5	216.1	1036	-1	206.4	0.16426	704700	1	13	0.5	0.1	0.2	0.834485	0.878405	0.878405
62	62	64	63	60	1052.756493	1967	59	155.4	70	51	-1	85.4	0.08112	884700	1	7	0.5	0.05	0.1	0.788261	1.326095	0.829749
63	63	58	64	56	6360.731599	9619	57	545.7	215.1	4046	64	330.6	0.051975	7969500	2	8	1	0.05	0.15	0.746489	0.785778	0.785778
64	64	67	65	64	395.771645	2563	63	563.6	545.7	1289	-1	17.9	0.045228	1152900	1	8	1	0.05	0.15	1.113887	1.185066	1.172513
65	65	65	66	60	1349.116882	1841	59	74.7	70	767782	67	4.7	0.003484	691831800	56	12	4.5	0.05	0.35	1.185643	1.248045	1.248045
66	66	68	69	64	752.756493	1483	63	652.7	545.7	562	-1	107	0.142144	666900	1	13	0.5	0.1	0.2	0.77583	0.816664	0.816664
67	67	69	70	66	554.558441	1751	65	78.5	74.7	759266	78	3.8	0.006852	684126900	55	12	4.5	0.05	0.35	1.57869	1.661779	1.661779
68	68	71	68	70	975.1829	1641	67	134.4	78.5	1131	-1	55.9	0.057323	738000	1	7	0.5	0.05	0.1	0.953095	1.043719	1.003258
69	69	62	72	57	3294.335495	4813	55	346.5	216.1	34278	84	130.4	0.039583	33015600	9	11	4	0.05	0.3	0.841899	0.886209	0.886209
70	70	70	67	73	791.984848	2404	76	774.4	599.4	1326	-1	175	0.220964	1081800	1	14	1	0.1	0.3	0.503773	0.530288	0.530288
71	71	66	74	66	4634.665581	6767	65	806.9	74.7	806	-1	732.2	0.157983	3044700	1	14	1	0.1	0.3	0.612533	0.644772	0.644772
72	72	73	75	72	591.837662	175	69	427.6	346.5	5040	75	81.1	0.137031	4614300	2	14	1	0.1	0.3	0.69048	0.726821	0.726821
73	73	75	76	73	1147.903679	3181	76	813.7	599.4	86	-1	214.3	0.186688	1431000	1	14	1	0.1	0.3	0.534567	0.562702	0.562702
74	74	72	71	77	830.330086	1569	81	582.4	323.3	4	-1	259.1	0.312045	705600	1	13	0.5	0.1	0.2	0.628155	0.661216	0.661215
75	75	76	78	75	1220.330086	3566	72	687.4	427.6	1102	-1	259.8	0.212893	1604700	1	14	1	0.1	0.3	0.521587	0.549039	0.549039
76	76	79	73	79	1995.807358	2980	77	599.4	340.2	5584	70	259.2	0.129872	6366600	2	14	1	0.1	0.3	0.607066	0.690251	0.639017
77	77	80	79	77	204.852814	47	81	340.2	323.3	17521	82	16.9	0.082498	15789600	4	9	2	0.05	0.2	0.674777	0.768767	0.710292
78	78	78	80	70	1361.543289	1329	67	90.8	78.5	756295	80	12.3	0.009034	681263100	54	12	4.5	0.05	0.35	1.418695	1.493363	1.493363
79	79	77	81	75	498.198052	1464	72	557.7	427.6	450	-1	130.1	0.261141	658800	1	13	0.5	0.1	0.2	0.57109	0.601147	0.601147
80	80	82	83	80	669.411255	403	78	96.7	90.8	753589	88	5.9	0.008814	678411000	53	12	4.5	0.05	0.35	1.372236	1.584278	1.444459
81	81	83	77	83	3125.512986	4327	80	323.3	96.7	19137	77	226.6	0.0725	19170000	5	9	2	0.05	0.2	0.690946	0.74198	0.727312
82	82	81	84	79	826.690476	677	77	446.5	340.2	8281	85	106.3	0.128585	7757100	3	14	1	0.1	0.3	0.668004	0.703162	0.703162
83	83	84	82	80	1533.82251	2305	78	366.7	90.8	1253	-1	275.9	0.179877	1036800	1	14	1	0.1	0.3	0.693615	0.730121	0.730121
84	84	74	86	72	1840.660172	4416	69	492.2	346.5	24572	94	145.7	0.079156	24102000	8	10	3	0.05	0.25	0.80117	0.843337	0.843337
85	85	86	85	84	976.690476	1189	82	574.2	446.5	4979	95	127.7	0.130748	5015700	2	14	1	0.1	0.3	0.662798	0.697682	0.697682
86	86	90	88	86	1322.756493	2798	84	849	492.2	1280	-1	356.8	0.26974	1259100	1	14	1	0.1	0.3	0.503104	0.529584	0.529584
87	87	89	89	85	750.624458	1406	85	791	574.2	1100	-1	216.8	0.288826	632700	1	13	0.5	0.1	0.2	0.474356	0.499322	0.499322
88	88	85	90	83	1024.264069	1188	80	103.7	96.7	728931	98	7	0.006834	656572500	52	12	4.5	0.05	0.35	1.233558	1.401008	1.298482
89	89	87	91	84	1026.837662	2111	82	788.4	446.5	1120	-1	341.9	0.332964	949500	1	13	0.5	0.1	0.2	0.472342	0.497202	0.497202
90	90	92	87	92	661.690476	1880	91	590.4	442.1	1310	-1	148.3	0.224123	846000	1	13	0.5	0.1	0.2	0.614099	0.64642	0.64642
91	91	94	92	90	2723.086579	4027	88	442.1	103.7	12349	92	338.4	0.124271	12925800	3	15	2	0.1	0.4	0.773256	0.826264	0.813954
92	92	96	94	92	1488.82251	3026	91	720.2	442.1	7443	102	278.1	0.186792	8060400	2	14	1	0.1	0.3	0.560894	0.590415	0.590415
93	93	95	93	94	520.918831	2376	92	798.5	720.2	1673	-1	78.3	0.150311	1069200	1	14	1	0.1	0.3	0.57139	0.601464	0.601464
94	94	91	95	86	1393.675324	2194	84	598	492.2	19580	97	105.8	0.075914	18609300	7	9	2	0.05	0.2	0.654498	0.702928	0.688945
95	95	88	96	85	2146.431816	3574	85	1144.9	574.2	12	-1	570.7	0.265883	1608300	1	14	1	0.1	0.3	0.42621	0.448642	0.448642
96	96	97	97	95	1350.624458	2969	94	912.6	598	7	-1	314.6	0.232929	1335600	1	14	1	0.1	0.3	0.436478	0.45945	0.45945
97	97	99	98	95	427.279221	168	94	671.4	598	16448	107	73.4	0.171785	14878800	6	15	2	0.1	0.4	0.535667	0.56386	0.56386
98	98	93	99	90	1895.512986	4499	88	118.4	103.7	708059	101	14.7	0.007755	639277200	51	12	4.5	0.05	0.35	0.817053	0.860056	0.860056
99	99	101	100	99	442.279221	1350	98	196.6	118.4	1298	-1	78.2	0.176811	607500	1	13	0.5	0.1	0.2	0.95643	1.025029	1.006768
100	100	103	101	98	1366.248917	2961	97	1111.5	671.4	523	-1	440.1	0.322123	1332000	1	14	1	0.1	0.3	0.365399	0.38463	0.38463
101	101	102	102	99	692.132034	645	98	175.3	118.4	706061	103	56.9	0.08221	635744700	50	12	4.5	0.05	0.35	0.788793	0.847204	0.830308
102	102	98	103	94	1964.299782	5068	92	1077.5	720.2	767	-1	357.3	0.181897	2280600	1	14	1	0.1	0.3	0.494709	0.520746	0.520746
103	103	104	105	102	339.411255	529	101	175.3	175.3	703297	116	0	0.00001	633204900	49	6	4.5	0.03	0.21	1.311135	1.380142	1.380142
104	104	106	104	106	1429.264069	1429	105	553.2	175.3	1049	-1	377.9	0.234828	1312200	1	14	1	0.1	0.3	0.625811	0.658748	0.658748
105	105	107	106	105	42.426407	65	103	175.3	175.3	5700	104	0	0.00001	5158800	2	2	1	0.03	0.09	2.246827	2.365081	2.365081
106	106	105	107	102	383.345238	2254	101	179.8	175.3	0	-1	4.5	0.011739	1014300	1	8	1	0.05	0.15	1.050965	1.106279	1.106279
107	107	100	110	98	1461.837662	1632	97	935.2	671.4	11849	109	263.8	0.180458	11398500	5	15	2	0.1	0.4	0.424483	0.446824	0.446824
108	108	110	108	112	889.264069	1537	109	1160.5	972.2	1109	-1	188.3	0.211748	691200	1	13	0.5	0.1	0.2	0.385559	0.421251	0.405851
109	109	113	112	110	289.705627	146	107	972.2	935.2	9647	114	37	0.127716	8748000	4	14	1	0.1	0.3	0.469475	0.494184	0.494184
110	110	114	111	114	680.330086	1457	118	895.7	662.9	5	-1	232.8	0.342187	655200	1	13	0.5	0.1	0.2	0.489708	0.532706	0.515482
111	111	111	109	114	652.279221	1567	118	818.4	662.9	1210	-1	155.5	0.238395	704700	1	13	0.5	0.1	0.2	0.515771	0.542916	0.542917
112	112	109	115	106	1039.264069	2719	105	175.3	175.3	42	-1	0	0.00001	1223100	1	2	1	0.03	0.09	1.179266	1.760068	1.241333
113	113	112	116	110	1198.675324	2056	107	1210.7	935.2	542	-1	275.5	0.229837	925200	1	13	0.5	0.1	0.2	0.421977	0.447827	0.444186
114	114	115	117	112	671.543289	1777	109	1004.6	972.2	6337	119	32.4	0.048247	6502500	3	8	1	0.05	0.15	0.491867	0.517755	0.517755
115	115	116	113	120	684.411255	1503	133	949.6	816.7	1163	-1	132.9	0.194182	675900	1	13	0.5	0.1	0.2	0.449079	0.526629	0.472715
116	116	108	121	105	1182.426407	98	103	175.3	175.3	697478	121	0	0.00001	627774300	48	6	4.5	0.03	0.21	1.130545	1.190047	1.190047
117	117	118	124	120	1977.792206	4574	133	1105.8	816.7	1142	-1	289.1	0.146173	2058300	1	14	1	0.1	0.3	0.435641	0.458569	0.458569
118	118	117	114	125	946.690476	1048	123	662.9	435.6	3024	111	227.3	0.2401	3193200	2	14	1	0.1	0.3	0.552516	0.67079	0.581596
119	119	119	126	117	976.690476	736	114	1130.8	1004.6	3674	131	126.2	0.129212	3637800	2	14	1	0.1	0.3	0.508407	0.535165	0.535165
120	120	121	118	127	789.852814	1318	130	622.9	380.2	1112	-1	242.7	0.307272	593100	1	13	0.5	0.1	0.2	0.625496	0.789633	0.658417
121	121	126	128	121	816.396103	1609	116	175.3	175.3	635774	129	0	0.00001	572920200	47	6	4.5	0.03	0.21	1.050351	1.110664	1.105633
122	122	124	122	128	1668.916966	1621	121	620.2	175.3	1239	-1	444.9	0.264694	880200	1	13	0.5	0.1	0.2	0.602992	0.634728	0.634729
123	123	129	125	129	824.558441	948	124	435.6	393.2	38634	128	42.4	0.051421	35197200	8	11	4	0.05	0.3	0.688508	0.764266	0.724746
124	124	132	129	127	192.426407	556	130	393.2	380.2	52125	123	13	0.067558	47162700	9	12	4.5	0.05	0.35	0.719227	0.757081	0.757081
125	125	130	130	126	339.852814	1192	119	1204	1130.8	1128	-1	73.2	0.215387	536400	1	13	0.5	0.1	0.2	0.407906	0.429375	0.429375
126	126	120	131	117	1190.330086	1923	114	1215	1004.6	1092	-1	210.4	0.176758	864900	1	13	0.5	0.1	0.2	0.440862	0.464065	0.464065
127	127	127	123	133	805.477272	1313	128	742.1	519.2	1115	-1	222.9	0.27673	590400	1	13	0.5	0.1	0.2	0.544158	0.642758	0.572797
128	128	128	133	125	1488.82251	1872	123	519.2	435.6	32690	132	83.6	0.056152	30263400	7	11	4	0.05	0.3	0.59986	0.631432	0.631432
129	129	133	134	128	524.558441	1162	121	175.3	175.3	632625	135	0	0.00001	569885400	46	6	4.5	0.03	0.21	0.883865	0.930384	0.930384
130	130	125	127	121	3535.218613	3535	116	380.2	175.3	53999	124	204.9	0.047155	51355800	10	12	4.5	0.05	0.35	0.647769	0.681862	0.681862
131	131	131	136	126	715.477272	2483	119	1183.4	1130.8	709	-1	52.6	0.073517	1116900	1	8	1	0.05	0.15	0.529399	0.557262	0.557262
132	132	136	135	133	524.558441	671	128	553.2	519.2	30709	134	34	0.064816	27939600	6	10	3	0.05	0.25	0.61131	0.643485	0.643485
133	133	123	120	137	1768.233765	1484	134	816.7	576.5	6076	117	240.2	0.135842	6136200	2	14	1	0.1	0.3	0.523108	0.599555	0.55064
134	134	139	137	135	422.132034	274	132	576.5	553.2	28908	140	23.3	0.055196	26140500	5	10	3	0.05	0.25	0.567449	0.597315	0.597315
135	135	138	139	134	542.132034	529	129	175.3	175.3	586372	137	0	0.00001	527972400	45	6	4.5	0.03	0.21	0.891541	0.938464	0.938464
136	136	122	119	139	3853.755174	3798	135	1124.9	175.3	444	-1	949.6	0.246022	2404800	1	14	1	0.1	0.3	0.40073	0.421821	0.421821
137	137	143	140	139	90	12	135	175.3	175.3	581011	144	0	0.00001	522915300	44	6	4.5	0.03	0.21	1.050701	1.106001	1.106001
138	138	140	142	135	840.624458	1524	132	794.2	553.2	1102	-1	241	0.286692	685800	1	13	0.5	0.1	0.2	0.475665	0.5007	0.5007
139	139	135	132	144	1703.711037	3089	141	1177.9	871.9	1298	-1	306	0.179608	1389600	1	14	1	0.1	0.3	0.382471	0.402601	0.402601
140	140	141	145	137	2387.939392	4666	134	716	576.5	16682	143	139.5	0.058419	17113500	4	9	2	0.05	0.2	0.547718	0.576545	0.576545
141	141	148	144	146	349.705627	488	143	871.9	814.2	4891	139	57.7	0.164996	4621500	2	14	1	0.1	0.3	0.462153	0.515847	0.486477
142	142	147	143	144	1371.396103	1803	141	1263.5	871.9	6	-1	391.6	0.285548	810900	1	13	0.5	0.1	0.2	0.331748	0.445719	0.349209
143	143	149	146	145	884.558441	661	140	814.2	716	7941	141	98.2	0.111016	7443900	3	14	1	0.1	0.3	0.597824	0.629289	0.629289
144	144	144	147	140	738.436905	738	137	175.4	175.3	568939	153	0.1	0.000106	512677800	43	6	4.5	0.03	0.21	0.750522	0.943926	0.790024
145	145	145	148	140	2465.512986	2496	137	492.8	175.3	8613	152	317.5	0.125102	8685900	3	14	1	0.1	0.3	0.644242	0.688413	0.678149
146	146	142	138	148	2160.807358	2767	145	1096.3	492.8	1294	-1	603.5	0.279294	1244700	1	14	1	0.1	0.3	0.408467	0.429965	0.429965
147	147	151	149	146	846.837662	2562	143	1096.8	814.2	1	-1	282.6	0.333712	1152900	1	14	1	0.1	0.3	0.415185	0.440122	0.437037
148	148	146	141	151	1241.101731	2876	152	1060.5	796.5	1144	-1	264	0.212714	1294200	1	14	1	0.1	0.3	0.410713	0.43233	0.43233
149	149	156	152	151	147.426407	1156	152	872.1	796.5	3	-1	75.6	0.512798	520200	1	13	0.5	0.1	0.2	0.453338	0.477197	0.477197
150	150	154	150	153	860.330086	1705	151	617.1	329.6	963	-1	287.5	0.334174	766800	1	13	0.5	0.1	0.2	0.624538	0.660718	0.657408
151	151	137	153	134	2987.056275	2987	129	329.6	175.3	41753	154	154.3	0.041289	39366000	10	11	4	0.05	0.3	0.696099	0.732736	0.732736
152	152	155	151	148	2324.92424	1789	145	796.5	492.8	4034	148	303.7	0.130628	4435200	2	14	1	0.1	0.3	0.545279	0.573977	0.573977
153	153	153	154	147	1193.969696	1170	144	191.6	175.4	563590	156	16.2	0.013568	507757500	42	12	4.5	0.05	0.35	0.749427	0.86423	0.788871
154	154	157	157	153	846.396103	1315	151	410.7	329.6	38812	165	81.1	0.095818	35522100	9	11	4	0.05	0.3	0.657453	0.692056	0.692056
155	155	162	158	157	166.066017	1122	154	496.2	410.7	0	-1	85.5	0.514856	504900	1	13	0.5	0.1	0.2	0.617421	0.65133	0.649917
156	156	159	159	154	923.969696	1815	153	202.4	191.6	558894	157	10.8	0.011689	503820900	41	12	4.5	0.05	0.35	0.728011	0.766327	0.766327
157	157	165	161	159	1496.101731	2455	156	221.6	202.4	554998	166	19.2	0.012833	500602500	40	12	4.5	0.05	0.35	0.850783	1.012577	0.895561
158	158	150	163	145	2842.203461	4755	140	1123.5	716	3323	161	407.5	0.143375	5130000	2	14	1	0.1	0.3	0.457543	0.530105	0.481624
159	159	171	164	163	106.066017	1272	158	1140.2	1123.5	214	-1	16.7	0.157449	572400	1	13	0.5	0.1	0.2	0.695821	0.760514	0.732443
160	160	164	165	159	987.609307	1442	156	365.3	202.4	2	-1	162.9	0.164944	648900	1	13	0.5	0.1	0.2	0.754195	0.833105	0.79389
161	161	170	166	163	420.624458	2052	158	1184.7	1123.5	1093	-1	61.2	0.145498	923400	1	13	0.5	0.1	0.2	0.535865	0.564068	0.564068
162	162	168	162	167	418.492424	1313	167	411.8	272.2	2	-1	139.6	0.333578	590400	1	13	0.5	0.1	0.2	0.637407	0.670955	0.670955
163	163	158	169	154	2222.939392	2881	153	576.5	191.6	247	-1	384.9	0.173149	1296000	1	14	1	0.1	0.3	0.630201	0.663369	0.663369
164	164	160	155	167	3150.990258	4927	167	962.6	272.2	1133	-1	690.4	0.219106	2216700	1	14	1	0.1	0.3	0.451442	0.475202	0.475202
165	165	163	170	157	1625.512986	4397	154	496.7	410.7	33214	176	86	0.052906	31870800	8	11	4	0.05	0.3	0.61126	0.643432	0.643432
166	166	167	171	161	1733.086579	2624	157	245.1	221.6	478152	184	23.5	0.01356	431517600	39	12	4.5	0.05	0.35	0.993182	1.25985	1.045455
167	167	172	167	171	392.132034	63	166	272.2	245.1	6239	164	27.1	0.069109	5643000	2	8	1	0.05	0.15	1.04129	1.096095	1.096095
168	168	161	156	172	1544.116882	4407	185	861	522.5	1415	-1	338.5	0.219219	1982700	1	14	1	0.1	0.3	0.502049	0.528472	0.528472
169	169	176	173	172	697.279221	976	185	560.2	522.5	61457	172	37.7	0.054067	55750500	11	12	4.5	0.05	0.35	0.729461	0.767854	0.767854
170	170	166	160	173	890.330086	1735	169	749.4	560.2	9	-1	189.2	0.212506	780300	1	13	0.5	0.1	0.2	0.497689	0.523883	0.523883
171	171	134	174	129	6172.493501	12543	124	1289.4	393.2	303	-1	896.2	0.145193	5643900	1	14	1	0.1	0.3	0.39851	0.419485	0.419485
172	172	179	175	173	1066.690476	2173	169	612.7	560.2	57549	177	52.5	0.049218	52771500	10	12	4.5	0.05	0.35	0.855831	0.900875	0.900875
173	173	173	168	175	720.624458	2510	172	783.7	612.7	768	-1	171	0.237294	1129500	1	14	1	0.1	0.3	0.52308	0.550611	0.550611
174	174	152	177	147	3986.025971	4179	144	1049.2	175.4	1089	-1	873.8	0.219216	1880100	1	14	1	0.1	0.3	0.404404	0.425689	0.425689
175	175	175	178	170	1313.528137	2165	165	991.2	496.7	6	-1	494.5	0.376467	973800	1	13	0.5	0.1	0.2	0.404444	0.425731	0.425731
176	176	174	179	170	1043.969696	1735	165	559.1	496.7	29314	192	62.4	0.059772	27162900	7	10	3	0.05	0.25	0.569844	0.599836	0.599836
177	177	181	180	175	816.396103	1249	172	640.2	612.7	53790	182	27.5	0.033685	48972600	9	12	4.5	0.05	0.35	0.957494	1.007888	1.007888
178	178	180	176	180	782.756493	2412	177	815.1	640.2	1735	-1	174.9	0.223441	1085400	1	14	1	0.1	0.3	0.539383	0.567772	0.567772
179	179	184	181	182	378.198052	1373	183	1004.4	827.4	2	-1	177	0.468009	617400	1	13	0.5	0.1	0.2	0.404083	0.425351	0.425351
180	180	183	183	179	787.903679	1497	176	955.6	559.1	1090	-1	396.5	0.503234	673200	1	13	0.5	0.1	0.2	0.430633	0.457342	0.453298
181	181	186	184	182	1273.050865	2872	183	1189.9	827.4	1078	-1	362.5	0.284749	1292400	1	14	1	0.1	0.3	0.411334	0.432983	0.432983
182	182	185	185	180	719.116882	1289	177	674.7	640.2	50096	186	34.5	0.047976	45666000	8	12	4.5	0.05	0.35	0.775757	0.862318	0.816586
183	183	187	182	185	861.837662	669	182	827.4	674.7	4244	181	152.7	0.177179	4120200	2	14	1	0.1	0.3	0.555765	0.585016	0.585016
184	184	177	187	171	2360.071427	4527	166	306.1	245.1	467315	198	61	0.025847	422620200	38	12	4.5	0.05	0.35	0.694112	0.797242	0.730644
185	185	178	172	187	3801.320344	4726	184	522.5	306.1	66840	169	216.4	0.056928	62282700	12	12	4.5	0.05	0.35	0.610557	0.642691	0.642691
186	186	188	189	185	1268.528137	1965	182	764.6	674.7	43213	215	89.9	0.07087	39775500	7	11	4	0.05	0.3	0.657465	0.720312	0.692068
187	187	190	188	189	1671.396103	2410	186	1379.4	764.6	286	-1	614.8	0.367836	1084500	1	14	1	0.1	0.3	0.351059	0.369536	0.369536
188	188	189	186	190	958.675324	1744	189	846.2	560.6	1112	-1	285.6	0.297911	784800	1	13	0.5	0.1	0.2	0.53705	0.694685	0.565316
189	189	194	190	192	1749.411255	3155	190	560.6	448.3	18335	191	112.3	0.064193	17920800	4	9	2	0.05	0.2	0.686515	0.722647	0.722647
190	190	169	192	161	3864.335495	5929	157	448.3	221.6	68299	206	226.7	0.058665	64136700	9	12	4.5	0.05	0.35	0.743085	0.802372	0.782194
191	191	193	193	190	589.705627	1104	189	625.6	560.6	15492	196	65	0.110225	14439600	3	15	2	0.1	0.4	0.541476	0.569975	0.569975
192	192	182	194	179	2414.92424	5840	176	723	559.1	21977	195	163.9	0.06787	22407300	6	10	3	0.05	0.25	0.574984	0.605247	0.605247
193	193	197	195	193	2567.314934	3871	191	1348.7	625.6	761	-1	723.1	0.281656	1741500	1	14	1	0.1	0.3	0.353826	0.394065	0.372449
194	194	195	191	196	721.690476	1762	195	1034	734.7	846	-1	299.3	0.414721	792900	1	13	0.5	0.1	0.2	0.403622	0.450106	0.424866
195	195	199	196	194	174.852814	160	192	734.7	723	14820	201	11.7	0.066913	13410000	5	9	2	0.05	0.2	0.907408	0.955166	0.955166
196	196	198	199	193	307.279221	147	191	665.7	625.6	11469	233	40.1	0.1305	10387800	2	15	2	0.1	0.4	0.561826	0.591396	0.591396
197	197	204	200	199	489.852814	1263	196	910.2	665.7	1109	-1	244.5	0.49913	567900	1	13	0.5	0.1	0.2	0.469028	0.493714	0.493714
198	198	191	201	187	2884.629868	4461	184	359	306.1	391297	199	52.9	0.018339	354174300	37	12	4.5	0.05	0.35	0.652045	0.686363	0.686363
199	199	207	202	201	72.426407	17	198	359.2	359	389082	204	0.2	0.002761	350181000	36	12	4.5	0.05	0.35	0.799917	0.892155	0.842018
200	200	203	198	202	383.345238	1211	199	454.8	359.2	1161	-1	95.6	0.249384	544500	1	13	0.5	0.1	0.2	0.698044	0.892892	0.734783
201	201	201	204	196	629.116882	633	195	782.5	734.7	12452	208	47.8	0.07598	11491200	4	9	2	0.05	0.2	0.720904	0.758846	0.758846
202	202	200	205	194	876.396103	723	192	839.2	723	6273	214	116.2	0.132588	5970600	2	14	1	0.1	0.3	0.635886	0.669354	0.669354
203	203	210	206	205	1225.477272	2696	202	1262.7	839.2	819	-1	423.5	0.34558	1213200	1	14	1	0.1	0.3	0.339542	0.373296	0.357413
204	204	208	207	202	514.264069	1187	199	359.7	359.2	386677	211	0.5	0.000972	348543000	35	6	4.5	0.03	0.21	0.798585	0.916723	0.840615
205	205	202	197	207	1047.609307	1527	204	581.7	359.7	1115	-1	222	0.211911	686700	1	13	0.5	0.1	0.2	0.70003	0.736874	0.736874
206	206	196	210	192	1046.984848	1991	190	506.8	448.3	44816	222	58.5	0.055875	41229900	8	12	4.5	0.05	0.35	0.722462	0.760487	0.760487
207	207	215	208	211	238.492424	1466	208	936.7	888.1	1427	-1	48.6	0.20378	659700	1	13	0.5	0.1	0.2	0.617408	0.649903	0.649903
208	208	211	211	204	1116.396103	1270	201	888.1	782.5	6704	213	105.6	0.09459	6605100	3	8	1	0.05	0.15	0.589753	0.620792	0.620792
209	209	206	212	201	824.116882	2195	198	637.4	359	1106	-1	278.4	0.337816	987300	1	13	0.5	0.1	0.2	0.567125	0.599175	0.596974
210	210	217	213	210	339.852814	1344	206	619.1	506.8	1137	-1	112.3	0.330437	604800	1	13	0.5	0.1	0.2	0.550434	0.579404	0.579404
211	211	214	214	207	574.264069	860	204	360.3	359.7	384316	220	0.6	0.001045	346271400	34	6	4.5	0.03	0.21	0.659007	0.793334	0.693692
212	212	209	203	214	1745.954544	3103	211	752.9	360.3	1656	-1	392.6	0.224863	1395900	1	14	1	0.1	0.3	0.553822	0.58297	0.58297
213	213	219	215	211	464.558441	621	208	933.1	888.1	4626	219	45	0.096866	4442400	2	8	1	0.05	0.15	0.627679	0.660715	0.660714
214	214	213	216	205	914.116882	3578	202	1086.5	839.2	369	-1	247.3	0.270534	1610100	1	14	1	0.1	0.3	0.455331	0.479296	0.479296
215	215	192	217	189	2225.512986	4400	186	894.5	764.6	36401	217	129.9	0.058369	34740900	6	11	4	0.05	0.3	0.484986	0.600556	0.510511
216	216	222	219	215	292.279221	1136	213	1047.9	933.1	845	-1	114.8	0.392775	511200	1	13	0.5	0.1	0.2	0.419832	0.455255	0.441929
217	217	224	220	217	1679.116882	2982	215	991.1	894.5	23791	225	96.6	0.05753	22753800	5	10	3	0.05	0.25	0.618262	0.650802	0.650802
218	218	216	209	220	946.248917	1528	217	1264.4	991.1	1177	-1	273.3	0.288825	687600	1	13	0.5	0.1	0.2	0.311378	0.327767	0.327767
219	219	221	218	215	1487.314934	3482	213	1217.7	933.1	1155	-1	284.6	0.191352	1566900	1	14	1	0.1	0.3	0.335383	0.353034	0.353034
220	220	220	221	214	579.411255	721	211	370.3	360.3	380469	224	10	0.017259	342746100	33	12	4.5	0.05	0.35	0.655215	0.872774	0.6897
221	221	226	222	221	309.852814	1297	220	434.3	370.3	1098	-1	64	0.20655	583200	1	13	0.5	0.1	0.2	0.736855	0.775637	0.775637
222	222	218	225	210	1363.675324	2973	206	553.1	506.8	40499	231	46.3	0.033952	37786500	7	11	4	0.05	0.3	0.640545	0.674258	0.674258
223	223	229	224	225	924.411255	1999	222	752	553.1	1642	-1	198.9	0.215164	899100	1	13	0.5	0.1	0.2	0.539079	0.567451	0.567451
224	224	227	227	221	686.984848	660	220	376.3	370.3	378526	227	6	0.008734	340970400	32	12	4.5	0.05	0.35	0.895925	0.960195	0.943079
225	225	225	228	220	1136.101731	2364	217	1036	991.1	19887	238	44.9	0.039521	18962100	4	9	2	0.05	0.2	0.686265	0.722385	0.722385
226	226	228	223	228	637.903679	1226	225	1212.2	1036	1125	-1	176.2	0.276217	551700	1	13	0.5	0.1	0.2	0.325506	0.342638	0.342638
227	227	232	229	227	60	10	224	377.1	376.3	377323	236	0.8	0.013333	339595200	31	12	4.5	0.05	0.35	1.351478	1.422608	1.422608
228	228	231	226	227	407.132034	1176	224	470.3	376.3	1115	-1	94	0.230883	529200	1	13	0.5	0.1	0.2	0.706292	0.743465	0.743465
229	229	234	230	229	147.426407	1261	227	401.3	377.1	1250	-1	24.2	0.16415	567000	1	13	0.5	0.1	0.2	0.692554	0.741676	0.729004
230	230	212	231	204	2174.116882	4451	201	1271	782.5	1106	-1	488.5	0.224689	2002500	1	14	1	0.1	0.3	0.310066	0.326385	0.326385
231	231	230	232	225	801.837662	1088	222	575.9	553.1	37412	234	22.8	0.028435	34160400	6	11	4	0.05	0.3	0.574166	0.850014	0.604386
232	232	236	233	232	1067.132034	1566	231	917.7	575.9	1119	-1	341.8	0.320298	704700	1	13	0.5	0.1	0.2	0.493228	0.519187	0.519187
233	233	205	234	199	5101.356057	10207	196	1625.4	665.7	342	-1	959.7	0.188126	4592700	1	14	1	0.1	0.3	0.309245	0.325521	0.325521
234	234	237	236	232	349.705627	277	231	593.2	575.9	35571	247	17.3	0.04947	32138100	5	11	4	0.05	0.3	0.754445	0.794153	0.794153
235	235	239	238	236	746.984848	255	234	831.4	593.2	4888	255	238.2	0.318882	4513500	2	14	1	0.1	0.3	0.487438	0.526504	0.513093
236	236	235	239	229	1416.396103	2691	227	395.8	377.1	373376	239	18.7	0.013203	337248900	30	12	4.5	0.05	0.35	0.828862	0.98331	0.872487
237	237	245	240	239	117.426407	1139	236	407.3	395.8	1136	-1	11.5	0.097934	512100	1	7	0.5	0.05	0.1	1.007719	1.115438	1.060757
238	238	233	241	228	1535.512986	5373	225	1094.5	1036	13300	265	58.5	0.038098	14387400	3	9	2	0.05	0.2	0.741545	0.780574	0.780574
239	239	244	242	239	180	79	236	398.8	395.8	372153	250	3	0.016667	334972800	29	12	4.5	0.05	0.35	1.16738	1.228821	1.228821
240	240	246	243	241	952.279221	1656	238	1456	1094.5	1122	-1	361.5	0.379615	745200	1	13	0.5	0.1	0.2	0.296621	0.314854	0.312233
241	241	242	244	238	1039.264069	1582	235	1132.2	831.4	901	-1	300.8	0.289436	711900	1	13	0.5	0.1	0.2	0.402206	0.438739	0.423375
242	242	250	245	247	226.066017	1138	243	650.2	560.4	1107	-1	89.8	0.397229	512100	1	13	0.5	0.1	0.2	0.566922	0.632775	0.59676
243	243	248	247	242	759.411255	275	239	560.4	398.8	3752	249	161.6	0.212796	3500100	2	14	1	0.1	0.3	0.604444	0.636257	0.636257
244	244	240	237	248	757.903679	1732	251	983.6	742.6	989	-1	241	0.317982	779400	1	13	0.5	0.1	0.2	0.442201	0.465475	0.465475
245	245	251	246	248	622.279221	1476	251	963.2	742.6	1084	-1	220.6	0.354503	664200	1	13	0.5	0.1	0.2	0.4361	0.490669	0.459053
246	246	238	235	249	1789.446968	2538	248	1278.7	688.4	1169	-1	590.3	0.329878	1142100	1	14	1	0.1	0.3	0.34747	0.365758	0.365758
247	247	241	250	236	851.543289	1550	234	637.7	593.2	28932	248	44.5	0.052258	26736300	4	10	3	0.05	0.25	0.787642	0.829097	0.829097
248	248	254	249	250	464.558441	405	247	688.4	637.7	15123	253	50.7	0.109136	13792500	3	15	2	0.1	0.4	0.6805	0.788979	0.716316
249	249	252	251	247	1377.609307	2615	243	988.5	560.4	21	-1	428.1	0.310756	1176300	1	14	1	0.1	0.3	0.45638	0.498354	0.4804
250	250	249	252	242	1283.969696	1506	239	415.5	398.8	366631	252	16.7	0.013007	330645600	28	12	4.5	0.05	0.35	0.786845	0.965103	0.828257
251	251	253	248	252	1520.954544	1096	250	742.6	415.5	3210	244	327.1	0.215062	3382200	2	14	1	0.1	0.3	0.584027	0.614765	0.614765
252	252	258	255	252	162.426407	40	250	416.6	415.5	362281	256	1.1	0.006772	326070900	27	12	4.5	0.05	0.35	1.071462	1.127855	1.127855
253	253	255	253	249	2273.086579	2572	248	1099	688.4	10007	258	410.6	0.180635	10163700	2	15	2	0.1	0.4	0.380509	0.400536	0.400536
254	254	261	257	255	1497.609306	2180	252	930.2	416.6	1102	-1	513.6	0.342947	981000	1	13	0.5	0.1	0.2	0.442328	0.465608	0.465608
255	255	243	258	238	2211.579003	3254	235	1247.5	831.4	674	-1	416.1	0.188146	1464300	1	14	1	0.1	0.3	0.457905	0.482005	0.482005
256	256	262	259	255	694.264069	770	252	420.8	416.6	359327	262	4.2	0.00605	323740800	26	12	4.5	0.05	0.35	1.026111	1.080117	1.080117
257	257	260	254	259	2040.807358	2649	256	998.5	420.8	1341	-1	577.7	0.283074	1191600	1	14	1	0.1	0.3	0.418892	0.440939	0.440939
258	258	257	256	253	3903.122292	7453	253	1596	1099	12	-1	497	0.127334	3353400	1	14	1	0.1	0.3	0.32893	0.425709	0.346242
259	259	223	261	217	5374.554108	9639	215	1514	894.5	330	-1	619.5	0.115265	4337100	1	14	1	0.1	0.3	0.380666	0.400701	0.400701
260	260	259	262	253	1369.264069	2555	253	1284.3	1099	825	-1	185.3	0.135328	1149300	1	14	1	0.1	0.3	0.348451	0.366791	0.366791
261	261	256	263	250	2139.411255	3085	247	814.2	637.7	10342	268	176.5	0.082499	10695600	3	9	2	0.05	0.2	0.568105	0.598005	0.598005
262	262	263	265	259	1006.690476	2772	256	428.8	420.8	353906	267	8	0.007947	319762800	25	12	4.5	0.05	0.35	0.79452	0.836337	0.836337
263	263	264	260	265	2198.969696	2759	262	1013.4	428.8	1146	-1	584.6	0.265852	1241100	1	14	1	0.1	0.3	0.397336	0.418248	0.418248
264	264	265	264	263	1386.837662	2331	261	1146	814.2	82	-1	331.8	0.239249	1048500	1	14	1	0.1	0.3	0.427909	0.450431	0.450431
265	265	247	266	241	3167.056275	6982	238	1370.9	1094.5	4650	270	276.4	0.087273	7326900	2	8	1	0.05	0.15	0.431246	0.453943	0.453943
266	266	268	268	266	897.609307	1989	265	1580.5	1370.9	570	-1	209.6	0.233509	894600	1	13	0.5	0.1	0.2	0.294018	0.309493	0.309493
267	267	267	269	265	1126.690476	2404	262	436.3	428.8	348741	284	7.5	0.006657	314948700	24	12	4.5	0.05	0.35	1.084638	1.334919	1.141724
268	268	266	270	263	1199.116882	3321	261	896.4	814.2	4668	278	82.2	0.06855	5695200	2	8	1	0.05	0.15	0.613576	0.64587	0.64587
269	269	272	271	270	353.345238	1273	268	1014.7	896.4	206	-1	118.3	0.3348	572400	1	13	0.5	0.1	0.2	0.422793	0.445045	0.445045
270	270	269	272	266	1461.396103	2662	265	1612.7	1370.9	1109	-1	241.8	0.165458	1197900	1	14	1	0.1	0.3	0.31219	0.332729	0.328621
271	271	275	274	276	304.705627	1577	274	960.2	859.7	1280	-1	100.5	0.329827	709200	1	13	0.5	0.1	0.2	0.438242	0.487401	0.461308
272	272	276	277	269	2562.792206	2836	267	660.6	436.3	32320	276	224.3	0.087522	30364200	8	11	4	0.05	0.3	0.595542	0.692028	0.626887
273	273	270	267	277	1436.726189	2228	272	1134.9	660.6	152	-1	474.3	0.330126	1002600	1	14	1	0.1	0.3	0.358542	0.377413	0.377412
274	274	279	276	278	362.132034	378	279	859.7	828.7	5154	281	31	0.085604	4808700	2	8	1	0.05	0.15	0.671987	0.707355	0.707355
275	275	277	275	278	232.279221	1416	279	911.1	828.7	712	-1	82.4	0.354745	637200	1	13	0.5	0.1	0.2	0.441138	0.464356	0.464356
276	276	281	279	277	452.132034	440	272	707.2	660.6	29673	282	46.6	0.103067	26903700	7	16	3	0.1	0.5	0.680526	0.716343	0.716343
277	277	274	273	279	1474.888527	2433	276	1155	707.2	1049	-1	447.8	0.303616	1094400	1	14	1	0.1	0.3	0.364318	0.383492	0.383492
278	278	273	282	270	1211.984848	3396	268	1112.2	896.4	1576	-1	215.8	0.178055	1528200	1	14	1	0.1	0.3	0.378387	0.451274	0.398302
279	279	280	278	283	766.690476	680	288	828.7	764.2	6948	274	64.5	0.084128	6559200	3	8	1	0.05	0.15	0.542496	0.589606	0.571048
280	280	283	280	283	178.492424	1199	288	873.1	764.2	850	-1	108.9	0.61011	539100	1	13	0.5	0.1	0.2	0.466827	0.576885	0.491397
281	281	278	284	276	915.1829	3578	274	947	859.7	834	-1	87.3	0.095391	1610100	1	8	1	0.05	0.15	0.501038	0.527409	0.527409
282	282	282	285	279	803.969696	905	276	810.9	707.2	26317	286	103.7	0.128985	24092100	6	16	3	0.1	0.5	0.637552	0.671108	0.671108
283	283	284	281	285	546.837662	1258	282	1036.4	810.9	223	-1	225.5	0.412371	566100	1	13	0.5	0.1	0.2	0.390223	0.410761	0.410761
284	284	271	286	269	1773.380951	4481	267	448.5	436.3	309103	289	12.2	0.00688	280208700	23	12	4.5	0.05	0.35	0.730427	0.768871	0.768871
285	285	288	287	286	292.279221	1166	284	538	448.5	1107	-1	89.5	0.306214	524700	1	13	0.5	0.1	0.2	0.6593	0.694	0.694001
286	286	286	289	285	821.543289	1046	282	888.6	810.9	24018	295	77.7	0.094578	22086900	5	10	3	0.05	0.25	0.619289	0.684519	0.651883
287	287	289	288	289	1296.837662	2745	286	1357.3	888.6	1114	-1	468.7	0.361418	1234800	1	14	1	0.1	0.3	0.359885	0.384619	0.378826
288	288	285	283	291	2093.086579	3199	290	764.2	506.5	8827	279	257.7	0.12312	9383400	4	14	1	0.1	0.3	0.498262	0.58569	0.524486
289	289	287	292	286	1163.969696	1247	284	458.1	448.5	306700	291	9.6	0.008248	276590700	22	12	4.5	0.05	0.35	0.763606	0.803796	0.803796
290	290	291	291	293	1678.233765	1937	291	506.5	459.8	79222	299	46.7	0.027827	72171000	11	12	4.5	0.05	0.35	0.603155	0.74905	0.6349
291	291	294	293	292	157.279221	14	289	459.8	458.1	304409	297	1.7	0.010809	273974400	21	12	4.5	0.05	0.35	0.915356	0.963532	0.963532
292	292	295	294	292	807.609307	2267	289	583.2	458.1	865	-1	125.1	0.154902	1019700	1	14	1	0.1	0.3	0.743711	0.782854	0.782854
293	293	298	296	297	780.624458	2085	304	1077.9	877.9	583	-1	200	0.256205	937800	1	13	0.5	0.1	0.2	0.438481	0.461559	0.461559
294	294	292	290	297	1665.1829	3464	304	1256.5	877.9	25	-1	378.6	0.227362	1558800	1	14	1	0.1	0.3	0.317275	0.333973	0.333973
295	295	290	300	289	2664.335495	4799	286	1058.5	888.6	16466	302	169.9	0.063768	16978500	4	9	2	0.05	0.2	0.51965	0.594762	0.547
296	296	301	299	300	75	1116	295	1065	1058.5	1112	-1	6.5	0.086667	502200	1	7	0.5	0.05	0.1	0.510131	0.53698	0.53698
297	297	296	301	293	2150.954544	3076	291	479.6	459.8	220267	303	19.8	0.009205	199624500	20	12	4.5	0.05	0.35	0.915722	0.963918	0.963918
298	298	297	295	301	2199.152596	3051	297	933.6	479.6	1126	-1	454	0.206443	1372500	1	14	1	0.1	0.3	0.468797	0.594282	0.49347
299	299	293	302	291	2861.909089	5164	290	580.2	506.5	61969	301	73.7	0.025752	58095900	10	12	4.5	0.05	0.35	0.579648	0.628886	0.610156
300	300	300	298	304	959.558441	2713	301	848	602.9	1235	-1	245.1	0.25543	1220400	1	14	1	0.1	0.3	0.466285	0.490827	0.490827
301	301	305	304	302	759.411255	514	299	602.9	580.2	42866	305	22.7	0.029892	38810700	9	11	4	0.05	0.3	0.633147	0.66647	0.66647
302	302	302	305	300	1793.086579	4613	295	1132.8	1058.5	10742	311	74.3	0.041437	11743200	3	9	2	0.05	0.2	0.560659	0.590167	0.590167
303	303	303	307	301	1026.396103	2490	297	488.1	479.6	214720	314	8.5	0.008281	194368500	19	12	4.5	0.05	0.35	1.067027	1.31624	1.123186
304	304	299	297	308	2310.365799	4080	305	877.9	644.2	5548	294	233.7	0.101153	6829200	2	14	1	0.1	0.3	0.464577	0.561152	0.489028
305	305	307	308	304	1508.528137	2602	301	644.2	602.9	37551	309	41.3	0.027378	34966800	8	11	4	0.05	0.3	0.556307	0.585586	0.585586
306	306	310	310	305	931.690476	1551	302	1452.2	1132.8	1106	-1	319.4	0.342818	697500	1	13	0.5	0.1	0.2	0.252791	0.266096	0.266095
307	307	309	306	311	1729.446968	2367	308	1150.8	691	5	-1	459.8	0.265865	1064700	1	14	1	0.1	0.3	0.432441	0.461988	0.455201
308	308	316	311	312	90	17	309	691	680.2	13336	322	10.8	0.12	12009600	6	15	2	0.1	0.4	0.759357	0.799323	0.799323
309	309	313	312	308	1056.396103	1593	305	680.2	644.2	26329	358	36	0.034078	24412500	7	10	3	0.05	0.25	0.57273	0.602873	0.602873
310	310	304	313	302	1541.543289	2225	299	711.7	580.2	16338	334	131.5	0.085304	15705000	3	9	2	0.05	0.2	0.524656	0.55227	0.55227
311	311	308	314	305	1985.512986	4091	302	1312	1132.8	5102	312	179.2	0.090254	6432300	2	8	1	0.05	0.15	0.483462	0.508907	0.508907
312	312	314	309	314	1372.46212	3153	311	1550.7	1312	1389	-1	238.7	0.173921	1418400	1	14	1	0.1	0.3	0.388347	0.408786	0.408786
313	313	322	316	314	509.558441	1943	311	1380.5	1312	1116	-1	68.5	0.13443	873900	1	13	0.5	0.1	0.2	0.498122	0.524339	0.524339
314	314	312	317	307	1536.396103	2415	303	508.6	488.1	208886	316	20.5	0.013343	189083700	18	12	4.5	0.05	0.35	1.018067	1.12213	1.071649
315	315	306	303	317	2550.10714	2648	314	948	508.6	8	-1	439.4	0.172307	1191600	1	14	1	0.1	0.3	0.43679	0.464524	0.459778
316	316	323	318	317	72.426407	238	314	509.8	508.6	206216	338	1.2	0.016569	185701500	17	12	4.5	0.05	0.35	1.210739	1.290924	1.274462
317	317	318	319	318	1935.807358	2127	316	595.4	509.8	51416	320	85.6	0.044219	47231100	7	12	4.5	0.05	0.35	0.645111	0.679064	0.679064
318	318	321	315	319	1447.903679	3214	317	987.5	595.4	563	-1	392.1	0.270805	1446300	1	14	1	0.1	0.3	0.483024	0.508446	0.508446
319	319	311	321	307	2298.380951	3429	303	1172	488.1	933	-1	683.9	0.297557	1542600	1	14	1	0.1	0.3	0.383929	0.404136	0.404136
320	320	324	323	319	724.264069	484	317	629.6	595.4	47719	336	34.2	0.04722	43164900	6	12	4.5	0.05	0.35	0.69177	0.728179	0.728179
321	321	327	320	324	871.690476	1554	322	1015.2	791.1	15	-1	224.1	0.257087	699300	1	13	0.5	0.1	0.2	0.428828	0.45323	0.451398
322	322	315	324	311	1460.954544	1508	308	791.1	691	9466	327	100.1	0.068517	9198000	5	8	1	0.05	0.15	0.516196	0.543364	0.543364
323	323	326	325	323	2125.660172	2747	320	1197.4	629.6	1141	-1	567.8	0.267117	1235700	1	14	1	0.1	0.3	0.395188	0.415987	0.415987
324	324	330	326	327	195	1149	328	1019.7	968.2	1124	-1	51.5	0.264103	516600	1	13	0.5	0.1	0.2	0.507314	0.534015	0.534015
325	325	328	322	327	148.492424	1165	328	1010.5	968.2	172	-1	42.3	0.284863	523800	1	13	0.5	0.1	0.2	0.571576	0.645355	0.601659
326	326	320	328	313	1249.264069	3523	310	1032.5	711.7	1116	-1	320.8	0.256791	1584900	1	14	1	0.1	0.3	0.399412	0.444139	0.420434
327	327	332	329	324	591.837662	483	322	818.9	791.1	7429	329	27.8	0.046972	6903000	4	8	1	0.05	0.15	0.598396	0.62989	0.62989
328	328	331	327	330	731.543289	371	329	968.2	858.5	2313	324	109.7	0.149957	2248200	2	14	1	0.1	0.3	0.506308	0.556515	0.532956
329	329	333	330	329	554.558441	292	327	858.5	818.9	4268	330	39.6	0.071408	3972600	3	8	1	0.05	0.15	0.620537	0.653197	0.653197
330	330	335	331	330	383.345238	1584	329	903.5	858.5	1127	-1	45	0.117388	712800	1	13	0.5	0.1	0.2	0.433889	0.456725	0.456725
331	331	334	333	329	1114.888527	2864	327	1000.5	818.9	1	-1	181.6	0.162886	1288800	1	14	1	0.1	0.3	0.602429	0.638394	0.634135
332	332	336	332	335	292.279221	1277	337	1173.2	1086.2	1141	-1	87	0.297661	574200	1	13	0.5	0.1	0.2	0.38076	0.4008	0.4008
333	333	337	334	335	936.837662	2227	337	1385	1086.2	1178	-1	298.8	0.318945	1001700	1	14	1	0.1	0.3	0.282124	0.306965	0.296972
334	334	319	338	313	3544.629868	5224	310	959.6	711.7	7616	353	247.9	0.069937	9205200	2	8	1	0.05	0.15	0.471135	0.52143	0.495932
335	335	340	337	338	327.426407	1766	334	1047.3	959.6	1101	-1	87.7	0.267846	794700	1	13	0.5	0.1	0.2	0.5086	0.592781	0.535368
336	336	329	339	323	3016.173157	5459	320	806.7	629.6	39510	340	177.1	0.058717	38015100	5	11	4	0.05	0.3	0.622137	0.671105	0.654881
337	337	338	335	339	1153.675324	489	336	1086.2	806.7	3503	333	279.5	0.242269	3372300	2	14	1	0.1	0.3	0.412244	0.433941	0.433941
338	338	325	341	318	3844.629868	7736	316	557.4	509.8	144720	341	47.6	0.012381	133729200	16	12	4.5	0.05	0.35	0.646174	0.680183	0.680183
339	339	342	340	341	399.852814	1295	338	685.4	557.4	1179	-1	128	0.320118	582300	1	13	0.5	0.1	0.2	0.585239	0.616041	0.616041
340	340	343	344	339	724.264069	1289	336	838.7	806.7	34219	356	32	0.044183	31376700	4	11	4	0.05	0.3	0.686644	0.722784	0.722784
341	341	344	345	341	626.984848	688	338	563.5	557.4	142737	344	6.1	0.009729	128772900	15	12	4.5	0.05	0.35	1.022575	1.076395	1.076395
342	342	346	342	344	1094.558441	756	340	1033.5	838.7	8038	349	194.8	0.177971	7574400	2	14	1	0.1	0.3	0.429297	0.608433	0.451892
343	343	339	336	346	1808.086579	2214	344	960.1	565	1247	-1	395.1	0.218518	996300	1	13	0.5	0.1	0.2	0.435194	0.483867	0.458098
344	344	350	346	345	127.279221	64	341	565	563.5	141031	346	1.5	0.011785	126956700	14	12	4.5	0.05	0.35	1.207904	1.288905	1.271478
345	345	351	347	345	394.705627	1649	341	618.7	563.5	821	-1	55.2	0.139851	741600	1	13	0.5	0.1	0.2	0.665068	0.700071	0.700071
346	346	353	349	346	157.279221	40	344	565.7	565	138782	348	0.7	0.004451	124921800	13	12	4.5	0.05	0.35	1.200144	1.263309	1.263309
347	347	352	348	351	804.411255	1731	348	730.9	567.7	564	-1	163.2	0.202881	778500	1	13	0.5	0.1	0.2	0.61566	0.648063	0.648063
348	348	354	351	349	144.852814	152	346	567.7	565.7	137323	355	2	0.013807	123659100	12	12	4.5	0.05	0.35	1.245694	1.311257	1.311257
349	349	345	352	342	2641.873375	5438	342	1457.2	1033.5	1109	-1	423.7	0.160379	2447100	1	14	1	0.1	0.3	0.35193	0.370453	0.370453
350	350	355	350	353	136.066017	1348	365	1181	1165.4	232	-1	15.6	0.11465	606600	1	13	0.5	0.1	0.2	0.373256	0.623838	0.392901
351	351	348	343	353	484.705627	1264	365	1281.4	1165.4	1114	-1	116	0.23932	568800	1	13	0.5	0.1	0.2	0.296672	0.312286	0.312286
352	352	356	354	349	870.624458	1327	346	736.2	565.7	5	-1	170.5	0.195836	596700	1	13	0.5	0.1	0.2	0.497499	0.523683	0.523683
353	353	341	355	338	2090.512986	5826	334	1225.3	959.6	428	-1	265.7	0.127098	2621700	1	14	1	0.1	0.3	0.362899	0.381998	0.381998
354	354	347	356	342	1818.563851	2591	342	1360	1033.5	24	-1	326.5	0.179537	1165500	1	14	1	0.1	0.3	0.394582	0.41535	0.41535
355	355	358	357	351	1278.82251	3951	348	580.9	567.7	131615	359	13.2	0.010322	120231000	11	12	4.5	0.05	0.35	0.984504	1.17593	1.03632
356	356	349	358	344	1817.939392	3785	340	943.5	838.7	21698	381	104.8	0.057648	21231000	3	10	3	0.05	0.25	0.532848	0.560892	0.560892
357	357	360	359	358	1352.756493	2004	356	1367	943.5	31	-1	423.5	0.313065	901800	1	13	0.5	0.1	0.2	0.328049	0.345315	0.345315
358	358	317	360	312	6680.878785	12976	309	1267.4	680.2	1108	-1	587.2	0.087893	5839200	1	8	1	0.05	0.15	0.37983	0.408418	0.399821
359	359	359	361	357	789.411255	789	355	588.5	580.9	128506	362	7.6	0.009627	116010000	10	12	4.5	0.05	0.35	1.043999	1.118515	1.098946
360	360	362	362	357	1871.101731	2322	355	951.9	580.9	300	-1	371	0.198279	1044900	1	14	1	0.1	0.3	0.505795	0.535709	0.532416
361	361	365	363	364	178.492424	1147	362	614	590.7	2	-1	23.3	0.130538	515700	1	13	0.5	0.1	0.2	0.944966	0.9947	0.9947
362	362	363	364	361	422.132034	268	359	590.7	588.5	76307	367	2.2	0.005212	68796900	8	12	4.5	0.05	0.35	1.015527	1.068976	1.068976
363	363	364	365	361	1068.82251	861	359	631	588.5	51062	369	42.5	0.039763	46342800	9	12	4.5	0.05	0.35	0.890332	0.937191	0.937191
364	364	367	366	365	417.426407	1189	363	759.6	631	1119	-1	128.6	0.308078	534600	1	13	0.5	0.1	0.2	0.550221	0.593088	0.57918
365	365	357	353	367	2561.909089	3923	376	1165.4	810.2	2611	351	355.2	0.138647	4114800	2	14	1	0.1	0.3	0.348091	0.496278	0.366412
366	366	372	370	371	105	1157	367	604.9	603.7	911	-1	1.2	0.011429	520200	1	7	0.5	0.05	0.1	1.337572	1.407971	1.407971
367	367	366	371	364	1226.101731	3278	362	603.7	590.7	72536	371	13	0.010603	66757500	7	12	4.5	0.05	0.35	1.144162	1.204381	1.204381
368	368	369	372	367	1477.020561	5905	376	1077.3	810.2	7	-1	267.1	0.180837	2656800	1	14	1	0.1	0.3	0.502942	0.569521	0.529412
369	369	368	373	365	1301.543289	1657	363	686.4	631	48275	374	55.4	0.042565	44192700	8	12	4.5	0.05	0.35	0.709937	0.747302	0.747302
370	370	371	369	373	1484.116882	3042	369	1132.9	686.4	507	-1	446.5	0.300852	1368900	1	14	1	0.1	0.3	0.415633	0.437509	0.437509
371	371	373	374	371	831.837662	555	367	613.2	603.7	70170	372	9.5	0.011421	63402300	6	12	4.5	0.05	0.35	0.560032	0.589507	0.589507
372	372	374	375	374	676.690476	767	371	631.7	613.2	54449	377	18.5	0.027339	49348800	5	12	4.5	0.05	0.35	0.752619	0.992101	0.792231
373	373	377	368	375	2137.020561	2661	372	1030.2	631.7	13	-1	398.5	0.186475	1197000	1	14	1	0.1	0.3	0.420756	0.464331	0.442901
374	374	375	377	373	1433.969696	3112	369	736.2	686.4	42111	379	49.8	0.034729	39300300	7	11	4	0.05	0.3	0.74515	0.784368	0.784368
375	375	379	376	377	1314.411255	2375	374	1170	736.2	1141	-1	433.8	0.330034	1068300	1	14	1	0.1	0.3	0.36126	0.396997	0.380274
376	376	370	367	378	4130.437226	10615	377	810.2	665.6	12450	365	144.6	0.035008	15981300	3	9	2	0.05	0.2	0.767458	0.80785	0.80785
377	377	378	378	375	3767.056275	7886	372	665.6	631.7	43901	376	33.9	0.008999	43059600	4	12	4.5	0.05	0.35	0.7254	0.763579	0.763579
378	378	381	379	378	506.984848	1145	377	675.7	665.6	19701	389	10.1	0.019922	18245700	3	9	2	0.05	0.2	1.23019	1.294937	1.294937
379	379	380	380	377	602.132034	851	374	748.9	736.2	38835	383	12.7	0.021092	35334000	6	11	4	0.05	0.3	0.801517	0.843703	0.843703
380	380	385	381	380	2116.248917	2741	379	1330.8	748.9	762	-1	581.9	0.274968	1233000	1	14	1	0.1	0.3	0.329115	0.346437	0.346437
381	381	361	383	358	5080.142854	13738	356	1130.9	943.5	5911	385	187.4	0.036889	11502000	2	9	2	0.05	0.2	0.541335	0.606263	0.569827
382	382	386	382	383	1436.543289	2208	381	1545.7	1130.9	715	-1	414.8	0.288749	993600	1	13	0.5	0.1	0.2	0.258028	0.271609	0.271609
383	383	384	384	380	1506.396103	3310	379	767.2	748.9	32784	387	18.3	0.012148	30995100	5	11	4	0.05	0.3	0.83511	0.879063	0.879063
384	384	388	385	384	317.132034	1230	383	778.2	767.2	44	-1	11	0.034686	553500	1	7	0.5	0.05	0.1	0.887946	0.93468	0.93468
385	385	387	386	383	1250.330086	3700	381	1349.5	1130.9	484	-1	218.6	0.174834	1665000	1	14	1	0.1	0.3	0.474582	0.507146	0.49956
386	386	390	387	388	2305.660172	2958	388	1459.2	871.2	1103	-1	588	0.255025	1331100	1	14	1	0.1	0.3	0.325374	0.346437	0.342499
387	387	389	389	384	1351.248917	2124	383	837.5	767.2	29430	397	70.3	0.052026	27442800	4	10	3	0.05	0.25	0.729436	0.844638	0.767827
388	388	391	388	389	547.279221	99	387	871.2	837.5	10005	393	33.7	0.061577	9048600	3	8	1	0.05	0.15	0.715264	0.752909	0.752909
389	389	383	391	379	3464.041123	7169	378	863.9	675.7	7088	400	188.2	0.05433	9604800	2	8	1	0.05	0.15	0.669518	0.719323	0.704756
390	390	382	392	379	3519.518395	5444	378	1308.4	675.7	812	-1	632.7	0.179769	2449800	1	14	1	0.1	0.3	0.361122	0.411938	0.380129
391	391	376	393	374	5040.731599	9317	371	960.2	613.2	5642	398	347	0.068839	9270000	2	8	1	0.05	0.15	0.463005	0.514399	0.487374
392	392	394	390	393	587.132034	1481	391	1096	960.2	737	-1	135.8	0.231294	666000	1	13	0.5	0.1	0.2	0.385419	0.437365	0.405704
393	393	392	394	388	2082.792206	3051	388	1124	871.2	3996	394	252.8	0.121376	4968900	2	14	1	0.1	0.3	0.541327	0.569818	0.569818
394	394	398	395	394	1259.558441	2717	393	1420.3	1124	1164	-1	296.3	0.235241	1222200	1	14	1	0.1	0.3	0.327663	0.344908	0.344908
395	395	396	396	391	1071.396103	1959	389	1048.5	863.9	843	-1	184.6	0.172299	881100	1	13	0.5	0.1	0.2	0.474917	0.499912	0.499912
396	396	399	397	394	263.345238	1280	393	1191.8	1124	323	-1	67.8	0.257457	576000	1	13	0.5	0.1	0.2	0.44025	0.463421	0.463421
397	397	393	398	389	1501.248917	2869	387	860.6	837.5	16456	401	23.1	0.015387	16101000	3	9	2	0.05	0.2	0.58259	0.613252	0.613252
398	398	397	399	393	1461.396103	4157	391	1109.8	960.2	603	-1	149.6	0.102368	1870200	1	14	1	0.1	0.3	0.481531	0.586144	0.506875
399	399	401	400	398	394.705627	1440	397	928.9	860.6	1069	-1	68.3	0.17304	648000	1	13	0.5	0.1	0.2	0.45302	0.476864	0.476864
400	400	395	401	391	3012.350647	5130	389	1265	863.9	972	-1	401.1	0.133152	2308500	1	14	1	0.1	0.3	0.338218	0.43018	0.356019
401	401	400	402	398	1365.807358	2730	397	887	860.6	12299	403	26.4	0.019329	12297600	2	9	2	0.05	0.2	0.799229	0.911022	0.841294
402	402	402	403	402	1964.299782	5878	401	959.1	887	518	-1	72.1	0.036705	2645100	1	8	1	0.05	0.15	0.513043	0.540046	0.540046
403	403	403	404	402	2897.497834	6409	401	1231.4	887	1326	-1	344.4	0.118861	2883600	1	14	1	0.1	0.3	0.413032	0.434999	0.434771
